A=[ -1  1 -1  0   0;
     0  0  1 -1  -1;
    30 30  0  0   0;
     0 30 15  0  30;
     0  0  0 10 -30];

b=[0;0;-60;60;200];
A\b